# unix_time, cycles_done, cur_path, paths_total, pending_total, pending_favs, map_size, unique_crashes, unique_hangs, max_depth, execs_per_sec
1669759819, 0, 0, 1, 1, 1, 0.05%, 0, 0, 1, 266.67
1669759824, 0, 1, 10, 9, 1, 0.09%, 1, 0, 3, 774.23
1669759829, 0, 1, 10, 9, 1, 0.09%, 4, 0, 3, 872.68
1669759834, 0, 1, 11, 10, 1, 0.09%, 4, 0, 3, 893.20
1669759844, 0, 1, 11, 10, 1, 0.09%, 5, 0, 3, 906.29
1669759859, 0, 3, 11, 9, 2, 0.09%, 5, 0, 3, 898.54
1669759864, 1, 7, 11, 7, 0, 0.09%, 6, 0, 3, 899.28
1669759869, 2, 3, 11, 6, 0, 0.09%, 6, 0, 3, 887.62
1669759874, 2, 5, 11, 5, 0, 0.09%, 6, 0, 3, 905.46
1669759879, 2, 8, 11, 4, 0, 0.09%, 6, 0, 3, 897.30
1669759884, 4, 3, 11, 3, 0, 0.09%, 6, 0, 3, 869.89
1669759890, 5, 3, 11, 2, 0, 0.09%, 6, 0, 3, 882.30
1669759895, 5, 9, 11, 2, 0, 0.09%, 6, 0, 3, 896.69
1669759900, 7, 1, 11, 1, 0, 0.09%, 6, 0, 3, 877.54
1669759905, 8, 9, 11, 1, 0, 0.09%, 6, 0, 3, 869.38
1669759910, 10, 3, 11, 1, 0, 0.09%, 6, 0, 3, 870.75
1669759915, 12, 1, 11, 1, 0, 0.09%, 6, 0, 3, 868.47
1669759920, 14, 0, 11, 1, 0, 0.09%, 6, 0, 3, 856.89
1669759925, 15, 3, 11, 1, 0, 0.09%, 6, 0, 3, 863.70
1669759930, 17, 1, 11, 1, 0, 0.09%, 6, 0, 3, 862.26
1669759935, 19, 0, 11, 1, 0, 0.09%, 6, 0, 3, 876.94
1669759941, 19, 10, 11, 1, 0, 0.09%, 6, 0, 3, 893.03
1669759951, 21, 3, 11, 0, 0, 0.09%, 6, 0, 3, 863.56
1669759956, 23, 3, 11, 0, 0, 0.09%, 6, 0, 3, 866.52
1669759961, 24, 7, 11, 0, 0, 0.09%, 6, 0, 3, 866.86
1669759966, 26, 0, 11, 0, 0, 0.09%, 6, 0, 3, 857.13
1669759971, 27, 7, 11, 0, 0, 0.09%, 6, 0, 3, 860.29
1669759977, 29, 7, 11, 0, 0, 0.09%, 6, 0, 3, 877.48
1669759982, 31, 3, 11, 0, 0, 0.09%, 6, 0, 3, 870.86
1669759987, 33, 1, 11, 0, 0, 0.09%, 6, 0, 3, 882.67
1669759992, 34, 7, 11, 0, 0, 0.09%, 6, 0, 3, 867.08
1669759997, 36, 0, 11, 0, 0, 0.09%, 6, 0, 3, 867.00
